63512629
62494516
62494515
62494549
62494548
62494546
63523833
63299980
63299504
62489196
62462147
12341030
63286105
63286104
63523724
63516938
63523836
12341029
63299978
63523837
62462611
63285582
63523813
62494513
39374204
63523725
63520778
39374203
62583481
62583696
62583814
63299278
12341153
12341152
63516325
62583484
62583813
62583450
62583480
63300049
39374206
62486142
39374207
63516324
39374208
63299361
63523969
63299360
62494368
39374209
63299731
39374210
62583479
39374211
63523784
63300343
62583789
62494367
63299359
63285580
62583478
63512805
63299358
12340530
63286100
62494448
63512572
39374214
63286097
39374215
62583477
62486825
63300045
63516798
39374216
63285505
63300663
63512578
63504669
62494474
39374217
62494584
62494583
12340730
63523413
63512626
63285578
39374218
63521131
62486820
63524011
63521130
12340385
39374220
63286095
63512571
63285577
39632586
62494446
12341476
39374221
12340556
12341181
63301142
63504641
63285985
12340386
63299899
63285576
12341629
39374222
63524012
63285575
63521119
39374223
62494642
62494641
62583448
63299743
12340731
12341625
39374224
12340558
39374225
62583812
12341147
12458695
63523412
12340561
39374226
63516323
63523788
12341257
12341171
63523793
12341258
12341259
12341623
12341149
62583476
62583475
62583474
63521118
62583473
63516322
62583472
44880049
60627870
63300048
63524013
62494637
62494443
12341263
63523411
63524014
12341264
63523410
12341265
62583471
63299555
12340089
63285574
62583452
12341620
63523795
12341266
12341267
62494636
62494635
12340045
12340059
12340830
12340829
12340828
12340827
63285506
12341268
63523559
12341269
12340734
12341270
12341271
12341123
12341272
12341177
63285509
12341273
12341274
63512766
12341275
12341274
63523409
12341276
62583706
11111111
12341122
